4662523039134817280	0,10644675	0,0	603,6798	4,320176	-1,5	-24,0	-24,0
4662651681995296768	5,1422625	-40,0	603,76154	-8,761508	-20,0	16,0	16,0
4662777026320892928	4,4237494	86,95652	603,744	-15,743994	-14,0	16,0	16,0
4662881479925555200	2,2529354	43,47826	603,7045	-11,704538	-6,0	-8,0	-8,0
4662950749158121472	1,7359674	-21,73913	603,6978	-6,697836	-7,0	-19,0	-19,0
4663018918879059968	1,3733834	-75,757576	603,7061	21,293861	-11,5	-30,0	-30,0
4663082690553485312	2,3816867	-108,695656	603,72845	31,27157	-17,5	-20,0	-20,0
4663150860274423808	3,4328537	-40,0	603,7347	9,2653	-20,0	-6,0	-6,0
4663382857227937792	3,318643	0,0	603,7248	-2,724783	-19,5	-2,0	-2,0
4663504903018649600	3,2396245	0,0	603,72296	0,0	-19,5	-1,0	-1,0
4663596162483776512	3,2396245	0,0	603,72186	0,0	-19,5	-1,0	-1,0
4663686322437275648	3,2396245	0,0	603,7213	0,0	-19,5	-1,0	-1,0
4663747895088445440	3,2396245	0,0	603,7206	0,0	-19,5	-1,0	-1,0
4663813865786126336	3,2396245	0,0	603,71936	0,0	-19,5	-1,0	-1,0
4663878736972180480	3,2396245	0,0	603,71826	0,0	-19,5	-1,0	-1,0
4663999683251264512	3,2396245	0,0	603,71735	0,0	-19,5	-1,0	-1,0
4664114032460579840	3,2396245	0,0	603,71594	0,0	-19,5	-1,0	-1,0
4664231680204779520	3,2396245	0,0	603,7155	0,0	-19,5	-1,0	-1,0
4664296551390832640	3,2396245	0,0	603,7144	0,0	-19,5	-1,0	-1,0
4664361422576886784	3,2396245	0,0	603,7137	0,0	-19,5	-1,0	-1,0
4664426293762940928	3,2396245	0,0	603,712	0,0	-19,5	-1,0	-1,0
4664492264460622848	3,2396245	0,0	603,71075	0,0	-19,5	-1,0	-1,0
4664554936623420416	3,2396245	0,0	603,71204	0,0	-19,5	-1,0	-1,0
4664634101460638720	3,2396245	0,0	603,7135	0,0	-19,5	-1,0	-1,0
4664751749204838400	3,2396245	0,0	603,71356	0,0	-19,5	-1,0	-1,0
4664871595972293632	3,2396245	0,0	603,71277	0,0	-19,5	-1,0	-1,0
4664949661297884160	3,2396245	0,0	603,71173	0,0	-19,5	-1,0	-1,0
4665014532483938304	3,2396245	0,0	603,71136	0,0	-19,5	-1,0	-1,0
4665079403669991424	3,2396245	0,0	603,71027	0,0	-19,5	-1,0	-1,0
4665145374367673344	3,2396245	0,0	603,7096	0,0	-19,5	-1,0	-1,0
4665210245553727488	3,2396245	0,0	603,70886	0,0	-19,5	-1,0	-1,0
4665272917716525056	3,2396245	0,0	603,70917	0,0	-19,5	-1,0	-1,0
4665397162530492416	3,2396245	0,0	603,7084	0,0	-19,5	-1,0	-1,0
4665513710763064320	3,2396245	0,0	603,70795	0,0	-19,5	-1,0	-1,0
4665636856065403904	3,2396245	0,0	603,7077	0,0	-19,5	-1,0	-1,0
4665699528228201472	3,2396245	0,0	603,707	0,0	-19,5	-1,0	-1,0
4665746807228207104	3,2396245	0,0	603,7063	0,0	-19,5	-1,0	-1,0
4665792436960770048	3,2396245	0,0	603,70575	0,0	-19,5	-1,0	-1,0
4665824322797983744	3,2396245	0,0	603,7052	0,0	-19,5	-1,0	-1,0
4665855658879382528	3,2396245	0,0	603,70496	0,0	-19,5	-1,0	-1,0
4665914482751481856	3,2396245	0,0	603,70404	0,0	-19,5	-1,0	-1,0
4665974406135209984	3,2396245	0,0	603,7031	0,0	-19,5	-1,0	-1,0
4666033779763123200	3,2396245	0,0	603,7024	0,0	-19,5	-1,0	-1,0
4666071163158476800	3,2396245	0,0	603,7022	0,0	-19,5	-1,0	-1,0
4666103048995689472	3,2396245	0,0	603,7	-2,6999907	-19,5	-2,0	-2,0
4666134385077088256	3,0884628	0,0	603,69727	-2,6972916	-19,5	-4,0	-4,0
4666166820670115840	2,9374564	0,0	603,6946	-2,6945949	-19,5	-4,0	-4,0
4666198706507328512	2,8404508	0,0	603,6954	2,3045995	-19,5	-2,0	-2,0
4666259729402684416	3,1755753	0,0	603,701	0,0	-19,5	-1,0	-1,0
4666317453763155968	1,7024397	-21,73913	603,65326	-31,653278	-20,0	-28,0	-28,0
4666375178123627520	-0,98394537	-173,91304	603,6088	-21,608824	-27,5	-82,0	-82,0
4666417509321306112	-0,7830864	-391,30435	603,6514	47,3486	-54,5	-72,0	-72,0
4666449944914333696	1,4293876	-462,96295	603,68976	47,31026	-80,5	-67,0	-67,0
4666503820984107008	-1,2772527	-500,0	603,4624	-282,4624	-136,5	-100,0	-100,0
4666680842356219904	4,0136724	703,125	603,655	-147,65504	-73,5	70,0	70,0
4666741865251575808	-11,238349	86,95652	603,441	-9,440949	-28,5	-100,0	-100,0
4666774850600417280	-10,703788	-423,07693	603,508	101,492	-46,0	-100,0	-100,0
4666808385705071616	-4,389463	-565,2174	603,61847	118,38153	-76,5	-95,0	-95,0
4666851816414379008	6,109323	-519,2308	603,81647	132,18356	-123,0	-19,0	-19,0
4666896896391129088	14,789711	-191,17647	603,9326	109,067406	-142,0	100,0	100,0
4666944725146947584	16,33974	560,0	603,8352	-126,83523	-105,5	100,0	100,0
4667005748042303488	-1,541211	608,6957	603,46783	-190,46782	-37,5	-26,0	-26,0
4667062922646961152	-11,04059	-304,34784	603,4365	60,563503	-35,5	-100,0	-100,0
4667114599693478912	-0,35940465	-596,1539	603,68774	199,31227	-83,5	-51,0	-51,0
4667150883577203712	9,818869	-369,56522	603,8445	148,1555	-108,0	87,0	87,0
4667194864042324992	17,939009	333,33334	603,8932	-52,893173	-100,0	100,0	100,0
4667228948902794240	12,783314	620,0	603,7548	-150,7548	-65,0	100,0	100,0
4667263583519077376	-2,346319	543,4783	603,46185	-161,46184	-15,0	-30,0	-30,0
4667321307879548928	-11,779663	-195,65218	603,3922	7,6077824	-8,5	-100,0	-100,0
4667381781019090944	-0,62902814	-608,6957	603,7095	184,29051	-73,0	-58,0	-58,0
4667442254158632960	17,864311	62,5	603,98785	79,01218	-109,0	100,0	100,0
4667478538042357760	18,245003	456,52173	603,86536	-154,86536	-89,5	100,0	100,0
4667512073147012096	9,809018	687,5	603,6915	-209,69153	-52,0	34,0	34,0
4667553304833063936	-7,5050206	369,56522	603,39166	-161,39166	-9,0	-85,0	-85,0
4667585190670276608	-12,819245	-192,3077	603,38824	17,611725	-11,5	-100,0	-100,0
4667618176019118080	-8,6347	-513,8889	603,4919	105,50814	-41,5	-100,0	-100,0
4667676999891217408	7,4387865	-478,26086	603,8491	172,1509	-99,0	64,0	64,0
4667888106123799552	0,52743375	-500,0	603,64496	144,35504	-67,0	-53,0	-53,0
4667918892449384448	8,690028	-437,5	603,70215	114,29786	-81,0	13,0	13,0
4667954076821481472	13,3043375	40,0	603,78156	14,218471	-96,0	80,0	80,0
4667997507530788864	12,128475	500,0	603,6319	-227,63188	-68,0	100,0	100,0
4668055781647074304	-6,1880493	347,82608	603,3951	-119,39506	-20,5	-97,0	-97,0
4668116804542430208	-6,5525813	-456,52173	603,52875	136,47125	-44,0	-71,0	-71,0
4668156936716853248	6,867692	-423,07693	603,7493	124,25067	-87,5	13,0	13,0
4668189372309879808	12,536944	-43,47826	603,79456	22,205437	-97,0	63,0	63,0
4668223457170349056	12,973247	391,30435	603,78076	-11,780773	-82,5	99,0	99,0
4668256992275004416	7,6912513	565,2174	603,59155	-168,59154	-53,0	9,0	9,0
4668291626891287552	-1,0667843	320,0	603,4765	-95,47649	-30,5	-44,0	-44,0
4668333408333152256	-5,727902	-173,07692	603,4618	38,538193	-30,0	-75,0	-75,0
4668393331716880384	2,1437376	-369,56522	603,6597	111,34025	-65,0	-1,0	-1,0
4668454354612236288	9,468986	65,21739	603,7263	-10,726341	-77,0	55,0	55,0
4668528571647127552	1,7307563	347,82608	603,5107	-109,51066	-39,5	-25,0	-25,0
4668562656507596800	-5,1364517	-152,17392	603,4509	0,0	-36,5	-78,0	-78,0
4668595641856438272	-4,8479676	-369,56522	603,523	131,477	-53,5	-100,0	-100,0
4668633025251790848	2,4902442	-456,52173	603,66394	151,33606	-80,5	-33,0	-33,0
4668668209623887872	10,023524	-220,0	603,74225	85,257744	-99,0	73,0	73,0
4668731981298314240	8,733084	586,95654	603,55994	-192,5599	-60,0	45,0	45,0
4668790255414599680	-7,6662607	65,21739	603,31696	-104,31698	-23,5	-100,0	-100,0
4668850178798327808	-4,0682106	-548,3871	603,53375	172,46626	-69,5	-100,0	-100,0
4668880415368097792	2,1405747	-611,1111	603,63245	197,36752	-91,5	13,0	13,0
4668928244123917312	13,972058	65,21739	603,7496	-9,749545	-115,5	80,0	80,0
4668962878740200448	12,655055	434,78262	603,6718	-114,67181	-93,5	100,0	100,0
4668997513356483584	4,5111566	608,6957	603,50867	-146,50868	-60,0	21,0	21,0
4669050289914629120	-5,0095887	192,3077	603,3655	-90,36549	-31,5	-96,0	-96,0
4669110763054171136	-33,0898	-630,43475	602,63666	-403,63666	-75,5	-100,0	-100,0
4669170136682084352	-77,844	-782,6087	601,878	-313,878	-156,5	-100,0	-100,0
4669206970321624064	-95,88044	-571,4286	601,2509	-246,25095	-21,5	-100,0	-100,0
4669307575635589120	-110,0368	0,0	600,40955	70,59045	-45,5	-100,0	-100,0
4669350456589081600	-105,62734	0,0	600,706	43,29403	-45,0	-100,0	-100,0
4669402133635599360	-102,8647	0,0	600,8822	7,117791	-45,0	-100,0	-100,0
4669439517030952960	-102,13684	0,0	600,9377	15,06231	-45,0	-100,0	-100,0
4669476350670491648	-101,42727	0,0	600,98083	4,019136	-45,0	-100,0	-100,0
4669517582356542464	-100,92606	0,0	601,0199	8,980113	-45,0	-100,0	-100,0
4669557714530965504	-100,24406	0,0	601,0677	9,932323	-45,0	-100,0	-100,0
4669596747193760768	-99,69704	0,0	601,1053	7,8947444	-45,0	-100,0	-100,0
4669631931565857792	-99,207565	0,0	601,1422	11,857782	-45,0	-100,0	-100,0
4669668765205397504	-96,6769	0,0	601,34143	84,6586	-45,0	-100,0	-100,0
4669702850065866752	-91,143906	0,0	601,7311	85,268936	-45,0	-100,0	-100,0
4669751228577499136	-82,999825	0,0	602,2782	27,721804	-45,0	-100,0	-100,0
4669786962705411072	-81,49148	0,0	602,3808	26,619217	-45,0	-100,0	-100,0
4669823796344949760	-83,76767	0,0	602,2048	-55,2048	-45,0	-100,0	-100,0
4669863378763558912	-85,31725	0,0	602,1001	-8,100089	-45,0	-100,0	-100,0
4669914506054262784	-84,39725	0,0	602,17377	15,826209	-45,0	-100,0	-100,0
4669954088472871936	-84,18288	0,0	602,18085	-2,1808767	-45,0	-100,0	-100,0
4669979377240315904	-84,24822	0,0	602,17523	0,0	-45,0	-100,0	-100,0
4670028855263578112	-84,06822	0,0	602,18964	0,0	-45,0	-100,0	-100,0
4670089328403119104	-84,00661	0,0	602,2041	0,0	-45,0	-100,0	-100,0
4670127811310100480	-83,98709	0,0	602,2117	2,7883446	-45,0	-100,0	-100,0
4670162445926383616	-83,95922	0,0	602,2192	0,0	-45,0	-100,0	-100,0
4670195981031038976	-83,91182	0,0	602,2307	4,769317	-45,0	-100,0	-100,0
4670236113205462016	-83,57923	0,0	602,2583	11,741686	-45,0	-100,0	-100,0
4670261127094999040	-82,91926	0,0	602,2924	-12,292393	-44,5	-100,0	-100,0
4670317477065935872	-82,86183	0,0	602,3036	5,69639	-44,5	-100,0	-100,0
4670349912658963456	-83,18314	0,0	602,2826	0,0	-44,5	-100,0	-100,0
4670374101914779648	-82,77993	0,0	602,3124	5,6876326	-44,5	-100,0	-100,0
4670398566048503808	-82,55832	0,0	602,3273	0,0	-44,5	-100,0	-100,0
4670422755304320000	-82,53963	0,0	602,33276	0,0	-44,5	-100,0	-100,0
4670453266751997952	-82,50237	0,0	602,3456	0,0	-44,5	-100,0	-100,0
4670472233327581184	-82,50237	0,0	602,34705	-2,347019	-44,5	-100,0	-100,0
4670507692577585152	-82,421646	0,0	602,3643	0,0	-44,5	-100,0	-100,0
4670530782321774592	-82,40321	0,0	602,3706	0,0	-44,5	-100,0	-100,0
4670572288885732352	-82,32982	0,0	602,38763	0,0	-44,5	-100,0	-100,0
4670611871304341504	-82,31157	0,0	602,40216	0,0	-44,5	-100,0	-100,0
4670639359095042048	-82,31157	0,0	602,41284	0,0	-44,5	-100,0	-100,0
4670679491269466112	-82,293465	0,0	602,42694	0,0	-44,5	-100,0	-100,0
4670750134891567104	-82,23965	0,0	602,44904	0,0	-44,5	-100,0	-100,0
4670802361693898752	-82,14387	0,0	602,45795	0,0	-44,5	-100,0	-100,0
4670838370699716608	-81,86546	0,0	602,4797	0,0	-44,5	-100,0	-100,0
4670858436786927616	-81,79507	0,0	602,48755	0,0	-44,5	-100,0	-100,0
4670876853606696960	-81,77751	0,0	602,49286	2,507155	-44,5	-100,0	-100,0
4670895545304374272	-81,739914	0,0	602,4974	0,0	-44,5	-100,0	-100,0
4670916161147399168	-81,722404	0,0	602,50287	0,0	-44,5	-100,0	-100,0
4671026936943924224	-81,58734	0,0	602,53864	2,4613883	-44,5	-100,0	-100,0
4671067069118347264	-81,16191	0,0	602,56866	0,0	-44,5	-100,0	-100,0
4671100054467187712	-81,16547	0,0	602,5729	6,427144	-44,5	-100,0	-100,0
4671123693967191040	-81,09986	0,0	602,57495	4,4250517	-44,5	-100,0	-100,0
4671153380781147136	-81,006615	0,0	602,58264	0,0	-44,5	-100,0	-100,0
4671169598577660928	-80,939	0,0	602,58875	0,0	-44,5	-100,0	-100,0
4671195437100919808	-80,90529	0,0	602,5944	0,0	-44,5	-100,0	-100,0
4671248488536972288	-80,90529	0,0	602,6039	0,0	-44,5	-100,0	-100,0
4671281199007905792	-80,90529	0,0	602,6087	0,0	-44,5	-100,0	-100,0
4671326278984655872	-80,871895	0,0	602,62195	0,0	-44,5	-100,0	-100,0
4671372183595125760	-80,857124	0,0	602,6334	0,0	-44,5	-100,0	-100,0
4671415339426526208	-80,81705	0,0	602,64044	0,0	-44,5	-100,0	-100,0
4671451348432344064	-80,79355	0,0	602,6491	0,0	-44,5	-100,0	-100,0
4671504399868396544	-80,72802	0,0	602,6654	2,3345792	-44,5	-100,0	-100,0
4671521717176538112	-80,64411	0,0	602,6729	0,0	-44,5	-100,0	-100,0
4671568996176543744	-80,53972	0,0	602,6887	0,0	-44,5	-100,0	-100,0
4671611052496315392	-80,43596	0,0	602,7039	2,2960687	-44,5	-100,0	-100,0
4671673724659113984	-80,06447	0,0	602,73364	7,266377	-44,5	-100,0	-100,0
4671701487327721472	-79,88981	0,0	602,74396	5,256045	-44,5	-100,0	-100,0
4671721828292840448	-79,837234	0,0	602,74774	2,2522726	-44,5	-100,0	-100,0
4671769382170752000	-79,720406	0,0	602,7632	0,0	-44,5	-100,0	-100,0
4671791922159126528	-79,70477	0,0	602,7676	0,0	-44,5	-100,0	-100,0
4671815561659129856	-79,68025	0,0	602,77246	0,0	-44,5	-100,0	-100,0
4671884006257974272	-79,57305	0,0	602,7913	0,0	-44,5	-100,0	-100,0
4671915892095187968	-79,55765	0,0	602,79944	2,2005699	-44,5	-100,0	-100,0
4671938157205655552	-79,53786	0,0	602,805	0,0	-44,5	-100,0	-100,0
4671956299147517952	-79,53786	0,0	602,80896	0,0	-44,5	-100,0	-100,0
4672034364473108480	-79,34799	0,0	602,8321	0,0	-44,5	-100,0	-100,0
4672089065176602624	-79,302635	0,0	602,8454	0,0	-44,5	-100,0	-100,0
4672141017101027328	-79,12239	0,0	602,86035	0,0	-44,5	-100,0	-100,0
4672183348298706944	-78,98861	0,0	602,86926	0,0	-44,5	-100,0	-100,0
4672205613409174528	-78,91716	0,0	602,87506	0,0	-44,5	-100,0	-100,0
4672227328763828224	-78,90231	0,0	602,8792	0,0	-44,5	-100,0	-100,0
4672247119973132288	-78,90231	0,0	602,8823	0,0	-44,5	-100,0	-100,0
4672283953612670976	-78,90231	0,0	602,8894	0,0	-44,5	-100,0	-100,0
4672319687740581888	-78,88757	0,0	602,8984	0,0	-44,5	-100,0	-100,0
4672351023821981696	-78,82886	0,0	602,9076	0,0	-44,5	-100,0	-100,0
4672377961856868352	-78,81424	0,0	602,91473	2,085283	-44,5	-100,0	-100,0
4672402425990591488	-78,79756	0,0	602,9202	0,0	-44,5	-100,0	-100,0
4672422217199896576	-78,73247	0,0	602,9281	0,0	-44,5	-100,0	-100,0
4672460700106877952	-78,73247	0,0	602,9383	0,0	-44,5	-100,0	-100,0
4672490661798740992	-78,713974	0,0	602,9462	0,0	-44,5	-100,0	-100,0
4672524471781303296	-78,67097	0,0	602,95514	0,0	-44,5	-100,0	-100,0
4672547836403398656	-78,64238	0,0	602,9594	0,0	-44,5	-100,0	-100,0
4672567627612703744	-78,55274	0,0	602,9676	0,0	-44,5	-100,0	-100,0
4672589068089450496	-78,53853	0,0	602,97424	2,0257723	-44,5	-100,0	-100,0
4672607484909219840	-78,52232	0,0	602,9768	0,0	-44,5	-100,0	-100,0
4672645143182479360	-78,50118	0,0	602,9875	0,0	-44,5	-100,0	-100,0
4672677029019693056	-78,48012	0,0	602,9951	0,0	-44,5	-100,0	-100,0
4672708090223184896	-78,46611	0,0	603,0016	0,0	-44,5	-100,0	-100,0
4672732004601094144	-78,48011	0,0	603,0036	0,0	-44,5	-100,0	-100,0
4672752070688306176	-78,48011	0,0	603,00604	0,0	-44,5	-100,0	-100,0
4672781757502263296	-78,48011	0,0	603,0105	0,0	-44,5	-100,0	-100,0
4672836458205757440	-78,48011	0,0	603,0213	0,0	-44,5	-100,0	-100,0
4672872467211575296	-78,48011	0,0	603,0306	0,0	-44,5	-100,0	-100,0
4672900504758090752	-78,48011	0,0	603,0368	2,9631786	-44,5	-100,0	-100,0
4672924694013906944	-78,41496	0,0	603,04156	0,0	-44,5	-100,0	-100,0
4672946959124374528	-78,41496	0,0	603,04535	0,0	-44,5	-100,0	-100,0
4672971148380191744	-78,49591	0,0	603,04254	2,9574316	-44,5	-100,0	-100,0
4673010455920893952	-78,339355	0,0	603,05255	0,0	-44,5	-100,0	-100,0
4673039318101129216	-78,339355	0,0	603,0606	0,0	-44,5	-100,0	-100,0
4673077801008110592	-78,368225	0,0	603,065	0,0	-44,5	-100,0	-100,0
4673094018804624384	-78,368225	0,0	603,06775	0,0	-44,5	-100,0	-100,0
4673113260258114560	-78,34772	0,0	603,0714	0,0	-44,5	-100,0	-100,0
4673133876101140480	-78,34772	0,0	603,07654	0,0	-44,5	-100,0	-100,0
4673161363891841024	-78,34772	0,0	603,08295	0,0	-44,5	-100,0	-100,0
4673185003391843328	-78,34772	0,0	603,08795	0,0	-44,5	-100,0	-100,0
4673221837031383040	-78,34772	0,0	603,0946	0,0	-44,5	-100,0	-100,0
4673250699211618304	-78,34772	0,0	603,0999	0,0	-44,5	-100,0	-100,0
4673284784072087552	-78,34772	0,0	603,1075	0,0	-44,5	-100,0	-100,0
4673299077723251712	-78,34772	0,0	603,1106	0,0	-44,5	-100,0	-100,0
4673319968444184576	-78,34772	0,0	603,1155	0,0	-44,5	-100,0	-100,0
4673341958676745216	-78,34772	0,0	603,1203	0,0	-44,5	-100,0	-100,0
4673364498665119744	-78,34772	0,0	603,12555	0,0	-44,5	-100,0	-100,0
4673391161822099456	-78,34772	0,0	603,1312	0,0	-44,5	-100,0	-100,0
4673415625955823616	-78,34772	0,0	603,1369	0,0	-44,5	-100,0	-100,0
4673442014234896384	-78,34772	0,0	603,14246	0,0	-44,5	-100,0	-100,0
4673463179833735168	-78,34772	0,0	603,14667	0,0	-44,5	-100,0	-100,0
4673484070554668032	-78,34772	0,0	603,1503	0,0	-44,5	-100,0	-100,0
4673513207612811264	-78,34772	0,0	603,1562	0,0	-44,5	-100,0	-100,0
4673533273700022272	-78,34772	0,0	603,1604	0,0	-44,5	-100,0	-100,0
4673568183194212352	-78,36283	0,0	603,16644	0,0	-44,5	-100,0	-100,0
4673605566589565952	-78,378006	0,0	603,1713	0,0	-44,5	-100,0	-100,0
4673626732188405760	-78,378006	0,0	603,175	0,0	-44,5	-100,0	-100,0
4673654219979106304	-78,35826	0,0	603,1812	0,0	-44,5	-100,0	-100,0
4673684181670970368	-78,35826	0,0	603,18726	0,0	-44,5	-100,0	-100,0
4673706996537251840	-78,35826	0,0	603,1912	0,0	-44,5	-100,0	-100,0
4673735034083766272	-78,35826	0,0	603,19727	0,0	-44,5	-100,0	-100,0
4673758123827955712	-78,35826	0,0	603,2007	0,0	-44,5	-100,0	-100,0
4673780663816330240	-78,35826	0,0	603,20496	0,0	-44,5	-100,0	-100,0
4673806777217496064	-78,35826	0,0	603,2101	0,0	-44,5	-100,0	-100,0
4673838388176801792	-78,35826	0,0	603,2158	0,0	-44,5	-100,0	-100,0
4673868624746572800	-78,35826	0,0	603,22125	0,0	-44,5	-100,0	-100,0
4673892264246575104	-78,31942	0,0	603,2279	0,0	-44,5	-100,0	-100,0
4673929647641928704	-78,31942	0,0	603,2351	0,0	-44,5	-100,0	-100,0
4673943391537278976	-78,31942	0,0	603,23694	0,0	-44,5	-100,0	-100,0
4673959884211698688	-78,31942	0,0	603,2393	0,0	-44,5	-100,0	-100,0
4673975552252398592	-78,31942	0,0	603,2409	0,0	-44,5	-100,0	-100,0
4673997542484959232	-78,30013	0,0	603,24603	0,0	-44,5	-100,0	-100,0
4674017333694263296	-78,30013	0,0	603,2479	0,0	-44,5	-100,0	-100,0
4674053342700082176	-78,30013	0,0	603,2521	0,0	-44,5	-100,0	-100,0
4674078631467526144	-78,30013	0,0	603,25543	0,0	-44,5	-100,0	-100,0
4674096223653574656	-78,30013	0,0	603,25726	0,0	-44,5	-100,0	-100,0
4674139379484975104	-78,30013	0,0	603,2664	2,7336104	-44,5	-100,0	-100,0
4674164393374513152	-78,29414	0,0	603,26917	0,0	-44,5	-100,0	-100,0
4674181160926840832	-78,29414	0,0	603,27203	0,0	-44,5	-100,0	-100,0
4674214421153588224	-78,29414	0,0	603,2772	0,0	-44,5	-100,0	-100,0
4674235036996614144	-78,29414	0,0	603,2812	0,0	-44,5	-100,0	-100,0
4674256752351267840	-78,29414	0,0	603,28467	0,0	-44,5	-100,0	-100,0
4674280941607084032	-78,29414	0,0	603,2879	0,0	-44,5	-100,0	-100,0
4674313377200111616	-78,29414	0,0	603,29193	0,0	-44,5	-100,0	-100,0
4674340040357091328	-78,29414	0,0	603,29443	0,0	-44,5	-100,0	-100,0
4674365604002443264	-78,31709	0,0	603,29565	0,0	-44,5	-100,0	-100,0
4674392267159422976	-78,29819	0,0	603,3015	0,0	-44,5	-100,0	-100,0
4674411783490820096	-78,29819	0,0	603,3042	0,0	-44,5	-100,0	-100,0
4674433773723380736	-78,29819	0,0	603,308	0,0	-44,5	-100,0	-100,0
4674450816153615360	-78,29819	0,0	603,3106	0,0	-44,5	-100,0	-100,0
4674494796618736640	-78,29819	0,0	603,3185	0,0	-44,5	-100,0	-100,0
4674511839048971264	-78,29819	0,0	603,3212	0,0	-44,5	-100,0	-100,0
4674536852938509312	-78,29819	0,0	603,3256	0,0	-44,5	-100,0	-100,0
4674560217560604672	-78,29819	0,0	603,3287	0,0	-44,5	-100,0	-100,0
4674595127054794752	-78,29819	0,0	603,3327	0,0	-44,5	-100,0	-100,0
4674616017775727616	-78,29819	0,0	603,3355	0,0	-44,5	-100,0	-100,0
4674635808985031680	-78,29819	0,0	603,3367	0,0	-44,5	-100,0	-100,0
4674659448485033984	-78,29819	0,0	603,3403	0,0	-44,5	-100,0	-100,0
4674685287008292864	-78,29819	0,0	603,34406	0,0	-44,5	-100,0	-100,0
4674717997479227392	-78,279625	0,0	603,35065	0,0	-44,5	-100,0	-100,0
4674741087223415808	-78,279625	0,0	603,35364	0,0	-44,5	-100,0	-100,0
4674752906973417472	-78,279625	0,0	603,3565	0,0	-44,5	-100,0	-100,0
4674765551357139968	-78,279625	0,0	603,3587	0,0	-44,5	-100,0	-100,0
4674777096229233664	-78,279625	0,0	603,36206	0,0	-44,5	-100,0	-100,0
4674790565246676992	-78,261185	0,0	603,3672	0,0	-44,5	-100,0	-100,0
4674803484508306432	-78,261185	0,0	603,3716	0,0	-44,5	-100,0	-100,0
4674811593406563328	-78,261185	0,0	603,3736	0,0	-44,5	-100,0	-100,0
4674821901328075776	-78,24282	0,0	603,3775	0,0	-44,5	-100,0	-100,0
4674832346688542720	-78,24282	0,0	603,3801	0,0	-44,5	-100,0	-100,0
4674841967415287808	-78,24282	0,0	603,3817	0,0	-44,5	-100,0	-100,0
4674851588142032896	-78,24282	0,0	603,3853	0,0	-44,5	-100,0	-100,0
4674861621185638400	-78,24282	0,0	603,3874	0,0	-44,5	-100,0	-100,0
4674875502519943168	-78,24282	0,0	603,3912	0,0	-44,5	-100,0	-100,0
4674885535563548672	-78,24282	0,0	603,394	0,0	-44,5	-100,0	-100,0
4674896668118781952	-78,24282	0,0	603,3953	0,0	-44,5	-100,0	-100,0
4674905876528667648	-78,22461	0,0	603,3983	0,0	-44,5	-100,0	-100,0
4674917558839714816	-78,22461	0,0	603,40094	0,0	-44,5	-100,0	-100,0
4674924018470530048	-78,22461	0,0	603,40326	0,0	-44,5	-100,0	-100,0
4674935563342623744	-78,22461	0,0	603,4068	0,0	-44,5	-100,0	-100,0
4674967311740882944	-78,22461	0,0	603,4165	0,0	-44,5	-100,0	-100,0
4674977894540303360	-78,22461	0,0	603,4191	0,0	-44,5	-100,0	-100,0
4674988202461815808	-78,22461	0,0	603,4223	0,0	-44,5	-100,0	-100,0
4674999472456003584	-78,20658	0,0	603,42676	0,0	-44,5	-100,0	-100,0
4675006206964724736	-78,20658	0,0	603,429	0,0	-44,5	-100,0	-100,0
4675015415374609408	-78,20658	0,0	603,43134	0,0	-44,5	-100,0	-100,0
4675025723296122880	-78,20658	0,0	603,4337	0,0	-44,5	-100,0	-100,0
4675037543046123520	-78,20658	0,0	603,4366	0,0	-44,5	-100,0	-100,0
4675050874624614400	-78,20658	0,0	603,439	0,0	-44,5	-100,0	-100,0
4675061732301940736	-78,20658	0,0	603,4421	0,0	-44,5	-100,0	-100,0
4675068604249616384	-78,20658	0,0	603,44403	0,0	-44,5	-100,0	-100,0
4675081386072291328	-78,20658	0,0	603,44763	0,0	-44,5	-100,0	-100,0
4675091556554851328	-78,188736	0,0	603,4509	0,0	-44,5	-100,0	-100,0
4675112309836829696	-78,17092	0,0	603,4549	0,0	-44,5	-100,0	-100,0
4675124541903691776	-78,17092	0,0	603,45667	0,0	-44,5	-100,0	-100,0
4675136773970553856	-78,17092	0,0	603,4607	0,0	-44,5	-100,0	-100,0
4675145157746717696	-78,17092	0,0	603,46234	0,0	-44,5	-100,0	-100,0
4675158214447300608	-78,17042	0,0	603,46533	0,0	-44,5	-100,0	-100,0
4675170034197302272	-78,17042	0,0	603,468	0,0	-44,5	-100,0	-100,0
4675182678581023744	-78,17042	0,0	603,47046	0,0	-44,5	-100,0	-100,0
4675190375162420224	-78,17042	0,0	603,4706	0,0	-44,5	-100,0	-100,0
4675208379665329152	-78,17042	0,0	603,47534	0,0	-44,5	-100,0	-100,0
4675217588075213824	-78,17042	0,0	603,47797	0,0	-44,5	-100,0	-100,0
4675228445752541184	-78,17042	0,0	603,48083	0,0	-44,5	-100,0	-100,0
4675235730017077248	-78,17042	0,0	603,48267	0,0	-44,5	-100,0	-100,0
4675248924156613632	-78,17042	0,0	603,48627	0,0	-44,5	-100,0	-100,0
4675255383787427840	-78,17042	0,0	603,4878	0,0	-44,5	-100,0	-100,0
4675268165610103808	-78,18784	0,0	603,4896	0,0	-44,5	-100,0	-100,0
4675283833650802688	-78,18784	0,0	603,4912	0,0	-44,5	-100,0	-100,0
4675294004133362688	-78,20527	0,0	603,4925	0,0	-44,5	-100,0	-100,0
4675305411566502912	-78,20527	0,0	603,4948	0,0	-44,5	-100,0	-100,0
4675317643633364992	-78,20527	0,0	603,49603	0,0	-44,5	-100,0	-100,0
4675327676676970496	-78,20527	0,0	603,4986	0,0	-44,5	-100,0	-100,0
4675342657522903040	-78,20527	0,0	603,50183	0,0	-44,5	-100,0	-100,0
4675365060072324096	-78,20527	0,0	603,5075	0,0	-44,5	-100,0	-100,0
4675381277868837888	-78,20527	0,0	603,5122	2,487802	-44,5	-100,0	-100,0
4675395708958955520	-78,18786	0,0	603,5156	0,0	-44,5	-100,0	-100,0
4675401481395002368	-78,18786	0,0	603,517	0,0	-44,5	-100,0	-100,0
4675411651877562368	-78,18786	0,0	603,51996	0,0	-44,5	-100,0	-100,0
4675423609066516480	-78,18786	0,0	603,5226	0,0	-44,5	-100,0	-100,0
4675438452473495552	-78,20553	0,0	603,52466	0,0	-44,5	-100,0	-100,0
4675455220025822208	-78,20553	0,0	603,52765	0,0	-44,5	-100,0	-100,0
4675466627458963456	-78,20553	0,0	603,5295	0,0	-44,5	-100,0	-100,0
4675477347697336320	-78,20553	0,0	603,53156	0,0	-44,5	-100,0	-100,0
4675491503909548032	-78,20553	0,0	603,53436	0,0	-44,5	-100,0	-100,0
4675504423171177472	-78,17104	0,0	603,5389	0,0	-44,5	-100,0	-100,0
4675518029627574272	-78,17104	0,0	603,54205	0,0	-44,5	-100,0	-100,0
4675546342051995648	-78,18884	0,0	603,5459	0,0	-44,5	-100,0	-100,0
4675591834345605120	-78,18884	0,0	603,55475	0,0	-44,5	-100,0	-100,0
4675601867389211648	-78,18884	0,0	603,557	0,0	-44,5	-100,0	-100,0
4675612037871770624	-78,18884	0,0	603,5582	0,0	-44,5	-100,0	-100,0
4675623170427004928	-78,18884	0,0	603,55963	0,0	-44,5	-100,0	-100,0
4675631141886307328	-78,18884	0,0	603,5614	0,0	-44,5	-100,0	-100,0
4675638563589796864	-78,18884	0,0	603,5631	0,0	-44,5	-100,0	-100,0
4675650795656658944	-78,18884	0,0	603,5643	0,0	-44,5	-100,0	-100,0
4675665776502590464	-78,18884	0,0	603,56573	0,0	-44,5	-100,0	-100,0
4675844722020052992	-78,15613	0,0	603,5949	0,0	-44,5	-100,0	-100,0
4675865612740985856	-78,15613	0,0	603,5991	0,0	-44,5	-100,0	-100,0
4676036174482284544	-78,14093	0,0	603,61597	0,0	-44,5	-100,0	-100,0
4676046757281703936	-78,14093	0,0	603,6169	0,0	-44,5	-100,0	-100,0
4676061738127635456	-78,15924	0,0	603,61743	0,0	-44,5	-100,0	-100,0
4676069159831124992	-78,15924	0,0	603,6188	0,0	-44,5	-100,0	-100,0
4676076169217754112	-78,15924	0,0	603,6201	0,0	-44,5	-100,0	-100,0
4676215807194513408	-78,15924	0,0	603,63873	0,0	-44,5	-100,0	-100,0
4676280815819521024	-78,05144	0,0	603,6553	4,344715	-44,5	-100,0	-100,0
4676296346421267456	-78,09913	0,0	603,6481	2,3519397	-44,5	-100,0	-100,0
4676309540560803840	-77,99579	0,0	603,65485	2,3451748	-44,5	-100,0	-100,0
4676325071162549248	-77,92552	0,0	603,65857	0,0	-44,5	-100,0	-100,0
4676339364813713408	-77,92552	0,0	603,66046	0,0	-44,5	-100,0	-100,0
4676360255534646272	-77,92552	0,0	603,6605	0,0	-44,5	-100,0	-100,0
4676373449674182656	-77,92552	0,0	603,6614	0,0	-44,5	-100,0	-100,0
4676386506374765568	-77,92552	0,0	603,6626	0,0	-44,5	-100,0	-100,0
4676399288197441536	-77,909164	0,0	603,6648	0,0	-44,5	-100,0	-100,0
4676419079406746624	-77,909164	0,0	603,6676	0,0	-44,5	-100,0	-100,0
4676439695249771520	-77,909164	0,0	603,6701	0,0	-44,5	-100,0	-100,0
4676460448531750912	-77,909164	0,0	603,67303	0,0	-44,5	-100,0	-100,0
4676472955476519936	-77,909164	0,0	603,6752	0,0	-44,5	-100,0	-100,0
4676491784613149696	-77,909164	0,0	603,6767	0,0	-44,5	-100,0	-100,0
4676515424113152000	-77,909164	0,0	603,6788	0,0	-44,5	-100,0	-100,0
4676527243863153664	-77,909164	0,0	603,67865	0,0	-44,5	-100,0	-100,0
4676556518360250368	-77,86051	0,0	603,68646	0,0	-44,5	-100,0	-100,0
4676571086889321472	-77,86051	0,0	603,6883	0,0	-44,5	-100,0	-100,0
4676582082005602304	-77,86051	0,0	603,68787	0,0	-44,5	-100,0	-100,0
4676616166866070528	-77,86051	0,0	603,6898	0,0	-44,5	-100,0	-100,0
4676633896491072512	-77,87933	0,0	603,6906	0,0	-44,5	-100,0	-100,0
4676648052703284224	-77,87933	0,0	603,69293	0,0	-44,5	-100,0	-100,0
4676663583305029632	-77,87933	0,0	603,6949	0,0	-44,5	-100,0	-100,0
4676684336587009024	-77,87933	0,0	603,69556	0,0	-44,5	-100,0	-100,0
4676702478528871424	-77,87933	0,0	603,69745	0,0	-44,5	-100,0	-100,0
4676722819493990400	-77,87933	0,0	603,70013	0,0	-44,5	-100,0	-100,0
4676736700828294144	-77,87933	0,0	603,70123	0,0	-44,5	-100,0	-100,0
4676751956552132608	-77,87933	0,0	603,7026	0,0	-44,5	-100,0	-100,0
4676772297517251584	-77,87933	0,0	603,7057	0,0	-44,5	-100,0	-100,0
4676788790191672320	-77,87933	0,0	603,7082	0,0	-44,5	-100,0	-100,0
4676809680912604160	-77,87933	0,0	603,71124	0,0	-44,5	-100,0	-100,0
4676825348953304064	-77,87933	0,0	603,7139	0,0	-44,5	-100,0	-100,0
4676850912598656000	-77,87933	0,0	603,71265	0,0	-44,5	-100,0	-100,0
4676878400389356544	-77,87933	0,0	603,71313	0,0	-44,5	-100,0	-100,0
4676890769895172096	-77,87933	0,0	603,717	0,0	-44,5	-100,0	-100,0
4676908636959127552	-77,87933	0,0	603,71655	0,0	-44,5	-100,0	-100,0
4676934750360293376	-77,87933	0,0	603,7159	0,0	-44,5	-100,0	-100,0
4676958802177156096	-77,87933	0,0	603,71497	0,0	-44,5	-100,0	-100,0
4676984503261461504	-77,87933	0,0	603,71814	0,0	-44,5	-100,0	-100,0
4676997697400997888	-77,87933	0,0	603,7196	0,0	-44,5	-100,0	-100,0
4677032332017281024	-77,87933	0,0	603,72015	0,0	-44,5	-100,0	-100,0
4677049924203329536	-77,87933	0,0	603,7217	0,0	-44,5	-100,0	-100,0
4677060094685888512	-77,87933	0,0	603,7231	0,0	-44,5	-100,0	-100,0
4677067104072517632	-77,87933	0,0	603,72406	0,0	-44,5	-100,0	-100,0
4677075350409728000	-77,87933	0,0	603,72516	0,0	-44,5	-100,0	-100,0
4677084009063798784	-77,87933	0,0	603,72687	0,0	-44,5	-100,0	-100,0
4677091705645195264	-77,87933	0,0	603,7273	0,0	-44,5	-100,0	-100,0
4677099951982404608	-77,87933	0,0	603,7279	0,0	-44,5	-100,0	-100,0
4677108060880661504	-77,89843	0,0	603,72766	0,0	-44,5	-100,0	-100,0
4677116307217871872	-77,89843	0,0	603,7257	0,0	-44,5	-100,0	-100,0
4677132112697525248	-77,89843	0,0	603,7279	0,0	-44,5	-100,0	-100,0
4677151491589968896	-77,89843	0,0	603,7296	0,0	-44,5	-100,0	-100,0
4677163586217877504	-77,89843	0,0	603,72974	0,0	-44,5	-100,0	-100,0
4677174718773110784	-77,89843	0,0	603,7312	0,0	-44,5	-100,0	-100,0
4677184751816717312	-77,89843	0,0	603,73254	0,0	-44,5	-100,0	-100,0
4677194922299276288	-77,89843	0,0	603,7334	0,0	-44,5	-100,0	-100,0
4677204268148114432	-77,89843	0,0	603,73425	0,0	-44,5	-100,0	-100,0
4677214438630673408	-77,89843	0,0	603,73456	0,0	-44,5	-100,0	-100,0
4677223784479512576	-77,89843	0,0	603,73486	0,0	-44,5	-100,0	-100,0
4677232443133583360	-77,89843	0,0	603,7351	0,0	-44,5	-100,0	-100,0
4677240964348699648	-77,882576	0,0	603,73517	0,0	-44,5	-100,0	-100,0
4677250035319631872	-78,067024	0,0	603,72235	2,2776363	-44,5	-100,0	-100,0
4677259106290563072	-77,80545	0,0	603,7427	3,257306	-44,5	-100,0	-100,0
4677268452139401216	-77,81187	0,0	603,7367	-3,736723	-44,5	-100,0	-100,0
4677278210305099776	-77,98442	0,0	603,72406	-2,7240624	-44,5	-100,0	-100,0
4677291679322543104	-77,91965	0,0	603,7275	0,0	-44,5	-100,0	-100,0
4677301300049288192	-77,91965	0,0	603,72986	2,2701583	-44,5	-100,0	-100,0
4677310783337079808	-77,871994	0,0	603,73267	0,0	-44,5	-100,0	-100,0
4677320404063825920	-77,871994	0,0	603,7335	0,0	-44,5	-100,0	-100,0
4677334972592897024	-77,871994	0,0	603,73303	0,0	-44,5	-100,0	-100,0
4677341432223711232	-77,871994	0,0	603,7318	0,0	-44,5	-100,0	-100,0
4677350778072549376	-77,891106	0,0	603,7312	0,0	-44,5	-100,0	-100,0
4677356962825457664	-77,84913	0,0	603,738	4,262025	-44,5	-100,0	-100,0
4677366308674295808	-77,7613	0,0	603,74225	3,2577374	-44,5	-100,0	-100,0
4677378128424297472	-77,74875	0,0	603,7413	3,2586977	-44,5	-100,0	-100,0
4677387474273135616	-77,68735	0,0	603,7411	0,0	-44,5	-100,0	-100,0
4677398331950461952	-78,44506	0,0	603,6891	4,310885	-44,5	-100,0	-100,0
4677406990604532736	-77,89739	0,0	603,7269	2,2730732	-44,5	-100,0	-100,0
4677415649258603520	-77,74075	0,0	603,7331	-7,7331147	-44,5	-100,0	-100,0
4677425269985348608	-77,875145	0,0	603,72986	0,0	-44,5	-100,0	-100,0
4677436814857443328	-78,28519	0,0	603,70795	10,292075	-44,5	-100,0	-100,0
4677446435584188416	-78,09482	0,0	603,71436	-2,7143579	-44,5	-100,0	-100,0
4677456606066747392	-78,151794	0,0	603,70996	0,0	-44,5	-100,0	-100,0
4677467463744074752	-78,151794	0,0	603,71106	0,0	-44,5	-100,0	-100,0
4677478046543494144	-78,151794	0,0	603,71216	0,0	-44,5	-100,0	-100,0
4677489316537681920	-78,151794	0,0	603,7112	0,0	-44,5	-100,0	-100,0
4677497975191752704	-78,151794	0,0	603,7105	0,0	-44,5	-100,0	-100,0
4677512406281870336	-78,151794	0,0	603,70703	0,0	-44,5	-100,0	-100,0
4677522301886522368	-78,151794	0,0	603,70654	0,0	-44,5	-100,0	-100,0
4677533022124896256	-78,151794	0,0	603,70764	0,0	-44,5	-100,0	-100,0
4677544292119083008	-78,13576	0,0	603,70935	0,0	-44,5	-100,0	-100,0
4677555836991177728	-78,13576	0,0	603,711	0,0	-44,5	-100,0	-100,0
4677566144912690176	-78,13576	0,0	603,71405	0,0	-44,5	-100,0	-100,0
4677576452834203648	-78,13576	0,0	603,71313	0,0	-44,5	-100,0	-100,0
4677586760755716096	-78,13576	0,0	603,71454	0,0	-44,5	-100,0	-100,0
4677595007092926464	-78,13576	0,0	603,7147	0,0	-44,5	-100,0	-100,0
4677603665746997248	-78,13576	0,0	603,71533	0,0	-44,5	-100,0	-100,0
4677612736717928448	-78,13576	0,0	603,7146	0,0	-44,5	-100,0	-100,0
4677621670249906176	-78,13576	0,0	603,7154	0,0	-44,5	-100,0	-100,0
4677631016098744320	-78,13576	0,0	603,7168	0,0	-44,5	-100,0	-100,0
4677645034872001536	-78,11982	0,0	603,72327	0,0	-44,5	-100,0	-100,0
4677657266938863616	-78,11982	0,0	603,7256	0,0	-44,5	-100,0	-100,0
4677667987177237504	-78,08099	0,0	603,72894	0,0	-44,5	-100,0	-100,0
4677686266558053376	-78,065125	0,0	603,735	3,264992	-44,5	-100,0	-100,0
4677696024723751936	-78,084236	0,0	603,7288	0,0	-44,5	-100,0	-100,0
4677709218863288320	-77,96992	0,0	603,73773	0,0	-44,5	-100,0	-100,0
4677715678494102528	-77,96992	0,0	603,738	0,0	-44,5	-100,0	-100,0
4677729422389453824	-78,04918	0,0	603,7319	0,0	-44,5	-100,0	-100,0
4677741242139454464	-77,99221	0,0	603,7355	0,0	-44,5	-100,0	-100,0
4677750725427246080	-78,04264	0,0	603,7323	0,0	-44,5	-100,0	-100,0
4677763232372015104	-78,00393	0,0	603,7335	0,0	-44,5	-100,0	-100,0
4677769417124923392	-77,94939	0,0	603,73627	0,0	-44,5	-100,0	-100,0
4677779587607482368	-77,97701	0,0	603,7346	0,0	-44,5	-100,0	-100,0
4677788658578413568	-77,98905	0,0	603,7347	2,2653246	-44,5	-100,0	-100,0
4677798004427251712	-77,96584	0,0	603,735	0,0	-44,5	-100,0	-100,0
4677808862104579072	-77,89937	0,0	603,73895	0,0	-44,5	-100,0	-100,0
4677817933075510272	-77,92708	0,0	603,7356	-2,7356164	-44,5	-100,0	-100,0
4677827416363301888	-77,97841	0,0	603,73395	0,0	-44,5	-100,0	-100,0
4677837174529000448	-77,923874	0,0	603,73724	0,0	-44,5	-100,0	-100,0
4677846795255745536	-77,86381	0,0	603,74207	3,2579288	-44,5	-100,0	-100,0
4677857378055165952	-77,94386	0,0	603,732	-2,7320056	-44,5	-100,0	-100,0
4677868648049352704	-77,95855	0,0	603,734	0,0	-44,5	-100,0	-100,0
4677879780604587008	-77,95855	0,0	603,7354	2,2645588	-44,5	-100,0	-100,0
4677889401331332096	-77,91759	0,0	603,7358	0,0	-44,5	-100,0	-100,0
4677908093029008384	-77,91759	0,0	603,7383	0,0	-44,5	-100,0	-100,0
4677917163999939584	-77,901764	0,0	603,73456	-2,7345786	-44,5	-100,0	-100,0
4677925135459243008	-77,87384	0,0	603,73914	0,0	-44,5	-100,0	-100,0
4677951386299362304	-77,44275	0,0	603,7806	18,219416	-44,5	-100,0	-100,0
4677960594709246976	-77,08259	0,0	603,792	-7,7920094	-44,5	-100,0	-100,0
4677975850433086464	-77,173256	0,0	603,7866	0,0	-44,5	-100,0	-100,0
4677986570671459328	-77,19975	0,0	603,7843	0,0	-44,5	-100,0	-100,0
4678004437735414784	-77,19975	0,0	603,78577	0,0	-44,5	-100,0	-100,0
4678028352113324032	-77,19975	0,0	603,7874	0,0	-44,5	-100,0	-100,0
4678052403930187776	-77,168816	0,0	603,79095	0,0	-44,5	-100,0	-100,0
4678068621726701568	-77,168816	0,0	603,78925	0,0	-44,5	-100,0	-100,0
4678092948421471232	-77,168816	0,0	603,7864	0,0	-44,5	-100,0	-100,0
4678119886456357888	-77,168816	0,0	603,78827	0,0	-44,5	-100,0	-100,0
4678154795950547968	-77,188324	0,0	603,7881	0,0	-44,5	-100,0	-100,0
4678232723837185024	-77,207825	0,0	603,7887	0,0	-44,5	-100,0	-100,0
4678309552212193280	-77,24688	0,0	603,7905	0,0	-44,5	-100,0	-100,0
4678330030616265728	-77,24688	0,0	603,7906	0,0	-44,5	-100,0	-100,0
4678341712927313920	-77,24688	0,0	603,7913	0,0	-44,5	-100,0	-100,0
4678353395238361088	-77,24688	0,0	603,7896	0,0	-44,5	-100,0	-100,0
4678368925840107520	-77,23142	0,0	603,7923	0,0	-44,5	-100,0	-100,0
4678385143636621312	-77,21598	0,0	603,79346	0,0	-44,5	-100,0	-100,0
4678394626924412928	-77,21598	0,0	603,7944	0,0	-44,5	-100,0	-100,0
4678415380206391296	-77,21598	0,0	603,79205	0,0	-44,5	-100,0	-100,0
4678427337395346432	-77,21598	0,0	603,7909	0,0	-44,5	-100,0	-100,0
4678461009938955264	-77,20052	0,0	603,7929	0,0	-44,5	-100,0	-100,0
4678474204078491648	-77,20052	0,0	603,7929	0,0	-44,5	-100,0	-100,0
4678484099683143680	-77,20052	0,0	603,7934	0,0	-44,5	-100,0	-100,0
4678498530773261312	-77,20052	0,0	603,79144	0,0	-44,5	-100,0	-100,0
4678507464305239040	-77,20052	0,0	603,7924	0,0	-44,5	-100,0	-100,0
4678515848081402880	-77,20052	0,0	603,7932	0,0	-44,5	-100,0	-100,0
4678535639290707968	-77,20052	0,0	603,7953	0,0	-44,5	-100,0	-100,0
4678553368915709952	-77,1851	0,0	603,79565	0,0	-44,5	-100,0	-100,0
4678577558171526144	-77,1851	0,0	603,7932	0,0	-44,5	-100,0	-100,0
4678589652799434752	-77,1851	0,0	603,79395	0,0	-44,5	-100,0	-100,0
4678601060232576000	-77,1851	0,0	603,79517	0,0	-44,5	-100,0	-100,0
4678610955837228032	-77,1851	0,0	603,7962	0,0	-44,5	-100,0	-100,0
4678622500709322752	-77,1851	0,0	603,79645	0,0	-44,5	-100,0	-100,0
4678640642651185152	-77,1851	0,0	603,7969	0,0	-44,5	-100,0	-100,0
4678657685081419776	-77,1851	0,0	603,79706	-2,797069	-44,5	-100,0	-100,0
4678670054587234304	-77,192055	0,0	603,7979	0,0	-44,5	-100,0	-100,0
4678677888607584256	-77,192055	0,0	603,79767	0,0	-44,5	-100,0	-100,0
4678688059090143232	-77,192055	0,0	603,7987	0,0	-44,5	-100,0	-100,0
4678705788715146240	-77,192055	0,0	603,79755	0,0	-44,5	-100,0	-100,0
4678717058709332992	-77,192055	0,0	603,79865	0,0	-44,5	-100,0	-100,0
4678726267119217664	-77,17666	0,0	603,799	0,0	-44,5	-100,0	-100,0
4678736575040731136	-77,16126	0,0	603,80115	0,0	-44,5	-100,0	-100,0
4678746195767476224	-77,16126	0,0	603,80164	0,0	-44,5	-100,0	-100,0
4678759115029105664	-77,145874	0,0	603,8028	0,0	-44,5	-100,0	-100,0
4678768323438990336	-77,145874	0,0	603,8032	0,0	-44,5	-100,0	-100,0
4678778081604688896	-77,145874	0,0	603,8037	0,0	-44,5	-100,0	-100,0
4678789763915737088	-77,145874	0,0	603,8039	0,0	-44,5	-100,0	-100,0
4678810104880855040	-77,145874	0,0	603,8054	0,0	-44,5	-100,0	-100,0
4678845839008765952	-77,145874	0,0	603,8045	0,0	-44,5	-100,0	-100,0
4678855047418650624	-77,145874	0,0	603,8049	0,0	-44,5	-100,0	-100,0
4678867142046559232	-77,145874	0,0	603,80615	0,0	-44,5	-100,0	-100,0
4678874563750048768	-77,145874	0,0	603,80634	0,0	-44,5	-100,0	-100,0
4678883359843073024	-77,16552	0,0	603,8057	0,0	-44,5	-100,0	-100,0
4678899027883771904	-77,18514	0,0	603,80475	0,0	-44,5	-100,0	-100,0
4678921018116332544	-77,18514	0,0	603,8055	0,0	-44,5	-100,0	-100,0
4678935449206451200	-77,18514	0,0	603,8069	0,0	-44,5	-100,0	-100,0
4678949742857615360	-77,18514	0,0	603,80585	0,0	-44,5	-100,0	-100,0
4678969671505873920	-77,18514	0,0	603,80426	0,0	-44,5	-100,0	-100,0
4678981628694828032	-77,18514	0,0	603,80493	0,0	-44,5	-100,0	-100,0
4678993311005876224	-77,18514	0,0	603,8041	0,0	-44,5	-100,0	-100,0
4679011178069831680	-77,18514	0,0	603,8049	0,0	-44,5	-100,0	-100,0
4679036604276230144	-77,18514	0,0	603,808	0,0	-44,5	-100,0	-100,0
4679071651209373696	-77,18514	0,0	603,80994	0,0	-44,5	-100,0	-100,0
4679100650828562432	-77,18514	0,0	603,80975	0,0	-44,5	-100,0	-100,0
4679128001180310528	-77,18514	0,0	603,80695	0,0	-44,5	-100,0	-100,0
4679146005683219456	-77,18514	0,0	603,8058	0,0	-44,5	-100,0	-100,0
4679158512627987456	-77,1698	0,0	603,8079	0,0	-44,5	-100,0	-100,0
4679170194939035648	-77,1698	0,0	603,8086	0,0	-44,5	-100,0	-100,0
4679188062002991104	-77,18946	0,0	603,80884	0,0	-44,5	-100,0	-100,0
4679204829555318784	-77,209114	0,0	603,80945	0,0	-44,5	-100,0	-100,0
4679235066125089792	-77,209114	0,0	603,8099	0,0	-44,5	-100,0	-100,0
4679247229472475136	-77,209114	0,0	603,8103	0,0	-44,5	-100,0	-100,0
4679256987638173696	-77,209114	0,0	603,8076	0,0	-44,5	-100,0	-100,0
4679264203183233024	-77,209114	0,0	603,806	-2,8060374	-44,5	-100,0	-100,0
4679269838180326400	-77,21622	0,0	603,8076	0,0	-44,5	-100,0	-100,0
4679277397322768384	-77,21622	0,0	603,80914	0,0	-44,5	-100,0	-100,0
4679282688722479104	-77,21622	0,0	603,80817	0,0	-44,5	-100,0	-100,0
4679288255000095744	-77,21622	0,0	603,80524	0,0	-44,5	-100,0	-100,0
4679293408960851968	-77,21622	0,0	603,8053	0,0	-44,5	-100,0	-100,0
4679301792737015808	-77,20086	0,0	603,80646	0,0	-44,5	-100,0	-100,0
4679316155107656704	-77,20086	0,0	603,81036	0,0	-44,5	-100,0	-100,0
4679321102909982720	-77,22752	0,0	603,8088	0,0	-44,5	-100,0	-100,0
4679325775834402816	-77,22752	0,0	603,81024	0,0	-44,5	-100,0	-100,0
4679330380039345152	-77,26682	0,0	603,8041	0,0	-44,5	-100,0	-100,0
4679334640646903808	-77,26682	0,0	603,8045	0,0	-44,5	-100,0	-100,0
4679338763815507968	-77,26682	0,0	603,8033	0,0	-44,5	-100,0	-100,0
4679343642898358272	-77,198395	0,0	603,81226	6,187755	-44,5	-100,0	-100,0
4679347628628008960	-76,812256	0,0	603,83386	2,1661358	-44,5	-100,0	-100,0
4679351614357660672	-76,902084	0,0	603,82355	0,0	-44,5	-100,0	-100,0
4679355737526265856	-76,85646	0,0	603,82886	0,0	-44,5	-100,0	-100,0
4679359723255917568	-76,78878	0,0	603,837	4,162995	-44,5	-100,0	-100,0
4679366595203593216	-76,73862	0,0	603,8306	-2,830643	-44,5	-100,0	-100,0
4679370924530628608	-76,84738	0,0	603,82043	0,0	-44,5	-100,0	-100,0
4679375047699233792	-76,78763	0,0	603,82416	2,1758537	-44,5	-100,0	-100,0
4679379651904176128	-76,73943	0,0	603,82556	2,1744685	-44,5	-100,0	-100,0
4679384462267548672	-76,728775	0,0	603,8238	0,0	-44,5	-100,0	-100,0
4679390165984118784	-76,728775	0,0	603,8244	0,0	-44,5	-100,0	-100,0
4679395113786444800	-76,728775	0,0	603,8237	0,0	-44,5	-100,0	-100,0
4679403635001562112	-76,728775	0,0	603,82086	0,0	-44,5	-100,0	-100,0
4679410300790807552	-76,728775	0,0	603,8225	0,0	-44,5	-100,0	-100,0
4679413255728307200	-76,728775	0,0	603,82153	0,0	-44,5	-100,0	-100,0
4679418066091679744	-76,728775	0,0	603,82043	0,0	-44,5	-100,0	-100,0
4679423907247204352	-76,728775	0,0	603,82104	0,0	-44,5	-100,0	-100,0
4679432359742844928	-76,728775	0,0	603,82153	0,0	-44,5	-100,0	-100,0
4679437513703601152	-76,728775	0,0	603,8214	0,0	-44,5	-100,0	-100,0
4679442392786450432	-76,728775	0,0	603,8222	0,0	-44,5	-100,0	-100,0
4679447409308253184	-76,728775	0,0	603,8222	0,0	-44,5	-100,0	-100,0
4679457236193428480	-76,728775	0,0	603,8215	0,0	-44,5	-100,0	-100,0
4679465345091685376	-76,728775	0,0	603,8209	0,0	-44,5	-100,0	-100,0
4679471048808256512	-76,728775	0,0	603,8195	0,0	-44,5	-100,0	-100,0
4679476408927442944	-76,75133	0,0	603,81946	0,0	-44,5	-100,0	-100,0
4679480394657094656	-76,75133	0,0	603,8207	0,0	-44,5	-100,0	-100,0
4679485960934711296	-76,736084	0,0	603,8227	0,0	-44,5	-100,0	-100,0
4679491389773374464	-76,736084	0,0	603,82263	0,0	-44,5	-100,0	-100,0
4679505752144015360	-76,736084	0,0	603,8208	0,0	-44,5	-100,0	-100,0
4679513861042272256	-76,736084	0,0	603,82275	0,0	-44,5	-100,0	-100,0
4679521626343145472	-76,75584	0,0	603,82166	0,0	-44,5	-100,0	-100,0
4679527330059715584	-76,75584	0,0	603,82275	0,0	-44,5	-100,0	-100,0
4679536538469600256	-76,75584	0,0	603,8234	0,0	-44,5	-100,0	-100,0
4679548633097508864	-76,75584	0,0	603,8234	0,0	-44,5	-100,0	-100,0
4679557016873672704	-76,75584	0,0	603,82355	0,0	-44,5	-100,0	-100,0
4679564919613499392	-76,77558	0,0	603,8215	0,0	-44,5	-100,0	-100,0
4679570898207976448	-76,77558	0,0	603,82153	0,0	-44,5	-100,0	-100,0
4679579281984140288	-76,77558	0,0	603,81964	0,0	-44,5	-100,0	-100,0
4679590345819897856	-76,79532	0,0	603,8196	-2,8196065	-44,5	-100,0	-100,0
4679598317279200256	-76,7757	0,0	603,8211	0,0	-44,5	-100,0	-100,0
4679607456969609216	-76,7757	0,0	603,82275	0,0	-44,5	-100,0	-100,0
4679615084831527936	-76,801094	0,0	603,82263	0,0	-44,5	-100,0	-100,0
4679620170072807424	-76,801094	0,0	603,822	0,0	-44,5	-100,0	-100,0
4679628004093157376	-76,801094	0,0	603,8235	0,0	-44,5	-100,0	-100,0
4679633845248681984	-76,801094	0,0	603,82355	0,0	-44,5	-100,0	-100,0
4679641679269030912	-76,801094	0,0	603,82245	0,0	-44,5	-100,0	-100,0
4679650544081531904	-76,801094	0,0	603,8225	0,0	-44,5	-100,0	-100,0
4679659821210893312	-76,801094	0,0	603,8237	0,0	-44,5	-100,0	-100,0
4679670266571360256	-76,801094	0,0	603,82556	0,0	-44,5	-100,0	-100,0
4679686278209442816	-76,801094	0,0	603,82794	0,0	-44,5	-100,0	-100,0
4679696036375142400	-76,801094	0,0	603,82764	0,0	-44,5	-100,0	-100,0
4679704763748689920	-76,820885	0,0	603,8262	0,0	-44,5	-100,0	-100,0
4679714040878051328	-76,820885	0,0	603,82336	0,0	-44,5	-100,0	-100,0
4679794099068467200	-76,89988	0,0	603,8143	-2,8142424	-44,5	-100,0	-100,0
4679802757722537984	-76,91958	0,0	603,81494	0,0	-44,5	-100,0	-100,0
4679816639056841728	-76,91958	0,0	603,8146	0,0	-44,5	-100,0	-100,0
4679822961248703488	-76,91958	0,0	603,81323	0,0	-44,5	-100,0	-100,0
4679829352160040960	-76,91958	0,0	603,8134	0,0	-44,5	-100,0	-100,0
4679838766728355840	-76,91958	0,0	603,8152	0,0	-44,5	-100,0	-100,0
4679847219223996416	-76,91958	0,0	603,81726	0,0	-44,5	-100,0	-100,0
4679856358914404352	-76,91958	0,0	603,82	0,0	-44,5	-100,0	-100,0
4679862681106266112	-76,91958	0,0	603,8207	0,0	-44,5	-100,0	-100,0
4679875050612080640	-76,91958	0,0	603,8219	0,0	-44,5	-100,0	-100,0
4679881372803942400	-76,91958	0,0	603,82306	0,0	-44,5	-100,0	-100,0
4679889000665862144	-76,91958	0,0	603,82196	0,0	-44,5	-100,0	-100,0
4679894704382432256	-76,91958	0,0	603,82294	0,0	-44,5	-100,0	-100,0
4679900889135339520	-76,91958	0,0	603,8241	0,0	-44,5	-100,0	-100,0
4679906730290864128	-76,91958	0,0	603,82513	0,0	-44,5	-100,0	-100,0
