-24,0
16,0
16,0
-8,0
-19,0
-30,0
-20,0
-6,0
-2,0
-1,0
-1,0
-1,0
-1,0
-1,0
-1,0
-1,0
-1,0
-1,0
-1,0
-1,0
-1,0
-1,0
-1,0
-1,0
-1,0
-1,0
-1,0
-1,0
-1,0
-1,0
-1,0
-1,0
-1,0
-1,0
-1,0
-1,0
-1,0
-1,0
-1,0
-1,0
-1,0
-1,0
-1,0
-1,0
-2,0
-4,0
-4,0
-2,0
-1,0
-28,0
-82,0
-72,0
-67,0
-100,0
70,0
-100,0
-100,0
-95,0
-19,0
100,0
100,0
-26,0
-100,0
-51,0
87,0
100,0
100,0
-30,0
-100,0
-58,0
100,0
100,0
34,0
-85,0
-100,0
-100,0
64,0
-53,0
13,0
80,0
100,0
-97,0
-71,0
13,0
63,0
99,0
9,0
-44,0
-75,0
-1,0
55,0
-25,0
-78,0
-100,0
-33,0
73,0
45,0
-100,0
-100,0
13,0
80,0
100,0
21,0
-96,0
-100,0
-100,0
-100,0
-100,0
-100,0
-100,0
-100,0
-100,0
-100,0
-100,0
-100,0
-100,0
-100,0
-100,0
-100,0
-100,0
-100,0
-100,0
-100,0
-100,0
-100,0
-100,0
-100,0
-100,0
-100,0
-100,0
-100,0
-100,0
-100,0
-100,0
-100,0
-100,0
-100,0
-100,0
-100,0
-100,0
-100,0
-100,0
-100,0
-100,0
-100,0
-100,0
-100,0
-100,0
-100,0
-100,0
-100,0
-100,0
-100,0
-100,0
-100,0
-100,0
-100,0
-100,0
-100,0
-100,0
-100,0
-100,0
-100,0
-100,0
-100,0
-100,0
-100,0
-100,0
-100,0
-100,0
-100,0
-100,0
-100,0
-100,0
-100,0
-100,0
-100,0
-100,0
-100,0
-100,0
-100,0
-100,0
-100,0
-100,0
-100,0
-100,0
-100,0
-100,0
-100,0
-100,0
-100,0
-100,0
-100,0
-100,0
-100,0
-100,0
-100,0
-100,0
-100,0
-100,0
-100,0
-100,0
-100,0
-100,0
-100,0
-100,0
-100,0
-100,0
-100,0
-100,0
-100,0
-100,0
-100,0
-100,0
-100,0
-100,0
-100,0
-100,0
-100,0
-100,0
-100,0
-100,0
-100,0
-100,0
-100,0
-100,0
-100,0
-100,0
-100,0
-100,0
-100,0
-100,0
-100,0
-100,0
-100,0
-100,0
-100,0
-100,0
-100,0
-100,0
-100,0
-100,0
-100,0
-100,0
-100,0
-100,0
-100,0
-100,0
-100,0
-100,0
-100,0
-100,0
-100,0
-100,0
-100,0
-100,0
-100,0
-100,0
-100,0
-100,0
-100,0
-100,0
-100,0
-100,0
-100,0
-100,0
-100,0
-100,0
-100,0
-100,0
-100,0
-100,0
-100,0
-100,0
-100,0
-100,0
-100,0
-100,0
-100,0
-100,0
-100,0
-100,0
-100,0
-100,0
-100,0
-100,0
-100,0
-100,0
-100,0
-100,0
-100,0
-100,0
-100,0
-100,0
-100,0
-100,0
-100,0
-100,0
-100,0
-100,0
-100,0
-100,0
-100,0
-100,0
-100,0
-100,0
-100,0
-100,0
-100,0
-100,0
-100,0
-100,0
-100,0
-100,0
-100,0
-100,0
-100,0
-100,0
-100,0
-100,0
-100,0
-100,0
-100,0
-100,0
-100,0
-100,0
-100,0
-100,0
-100,0
-100,0
-100,0
-100,0
-100,0
-100,0
-100,0
-100,0
-100,0
-100,0
-100,0
-100,0
-100,0
-100,0
-100,0
-100,0
-100,0
-100,0
-100,0
-100,0
-100,0
-100,0
-100,0
-100,0
-100,0
-100,0
-100,0
-100,0
-100,0
-100,0
-100,0
-100,0
-100,0
-100,0
-100,0
-100,0
-100,0
-100,0
-100,0
-100,0
-100,0
-100,0
-100,0
-100,0
-100,0
-100,0
-100,0
-100,0
-100,0
-100,0
-100,0
-100,0
-100,0
-100,0
-100,0
-100,0
-100,0
-100,0
-100,0
-100,0
-100,0
-100,0
-100,0
-100,0
-100,0
-100,0
-100,0
-100,0
-100,0
-100,0
-100,0
-100,0
-100,0
-100,0
-100,0
-100,0
-100,0
-100,0
-100,0
-100,0
-100,0
-100,0
-100,0
-100,0
-100,0
-100,0
-100,0
-100,0
-100,0
-100,0
-100,0
-100,0
-100,0
-100,0
-100,0
-100,0
-100,0
-100,0
-100,0
-100,0
-100,0
-100,0
-100,0
-100,0
-100,0
-100,0
-100,0
-100,0
-100,0
-100,0
-100,0
-100,0
-100,0
-100,0
-100,0
-100,0
-100,0
-100,0
-100,0
-100,0
-100,0
-100,0
-100,0
-100,0
-100,0
-100,0
-100,0
-100,0
-100,0
-100,0
-100,0
-100,0
-100,0
-100,0
-100,0
-100,0
-100,0
-100,0
-100,0
-100,0
-100,0
-100,0
-100,0
-100,0
-100,0
-100,0
-100,0
-100,0
-100,0
-100,0
-100,0
-100,0
-100,0
-100,0
-100,0
-100,0
-100,0
-100,0
-100,0
-100,0
-100,0
-100,0
-100,0
-100,0
-100,0
-100,0
-100,0
-100,0
-100,0
-100,0
-100,0
-100,0
-100,0
-100,0
-100,0
-100,0
-100,0
-100,0
-100,0
-100,0
-100,0
-100,0
-100,0
-100,0
-100,0
-100,0
-100,0
-100,0
-100,0
-100,0
-100,0
-100,0
-100,0
-100,0
-100,0
-100,0
-100,0
-100,0
-100,0
-100,0
-100,0
-100,0
-100,0
-100,0
-100,0
-100,0
-100,0
-100,0
-100,0
-100,0
-100,0
-100,0
-100,0
-100,0
-100,0
-100,0
-100,0
-100,0
-100,0
-100,0
-100,0
-100,0
-100,0
-100,0
-100,0
-100,0
-100,0
-100,0
-100,0
-100,0
-100,0
-100,0
-100,0
-100,0
-100,0
-100,0
-100,0
-100,0
-100,0
-100,0
-100,0
-100,0
-100,0
-100,0
-100,0
-100,0
-100,0
-100,0
-100,0
-100,0
-100,0
-100,0
-100,0
-100,0
-100,0
-100,0
-100,0
-100,0
-100,0
-100,0
-100,0
-100,0
-100,0
-100,0
-100,0
-100,0
-100,0
-100,0
-100,0
-100,0
-100,0
-100,0
-100,0
-100,0
-100,0
-100,0
-100,0
-100,0
-100,0
-100,0
-100,0
-100,0
-100,0
-100,0
-100,0
-100,0
-100,0
-100,0
-100,0
-100,0
-100,0
-100,0
-100,0
-100,0
-100,0
-100,0
-100,0
-100,0
-100,0
-100,0
-100,0
-100,0
-100,0
-100,0
-100,0
-100,0
-100,0
-100,0
-100,0
-100,0
-100,0
-100,0
-100,0
-100,0
-100,0
-100,0
