4662523039134817280
4662651681995296768
4662777026320892928
4662881479925555200
4662950749158121472
4663018918879059968
4663082690553485312
4663150860274423808
4663382857227937792
4663504903018649600
4663596162483776512
4663686322437275648
4663747895088445440
4663813865786126336
4663878736972180480
4663999683251264512
4664114032460579840
4664231680204779520
4664296551390832640
4664361422576886784
4664426293762940928
4664492264460622848
4664554936623420416
4664634101460638720
4664751749204838400
4664871595972293632
4664949661297884160
4665014532483938304
4665079403669991424
4665145374367673344
4665210245553727488
4665272917716525056
4665397162530492416
4665513710763064320
4665636856065403904
4665699528228201472
4665746807228207104
4665792436960770048
4665824322797983744
4665855658879382528
4665914482751481856
4665974406135209984
4666033779763123200
4666071163158476800
4666103048995689472
4666134385077088256
4666166820670115840
4666198706507328512
4666259729402684416
4666317453763155968
4666375178123627520
4666417509321306112
4666449944914333696
4666503820984107008
4666680842356219904
4666741865251575808
4666774850600417280
4666808385705071616
4666851816414379008
4666896896391129088
4666944725146947584
4667005748042303488
4667062922646961152
4667114599693478912
4667150883577203712
4667194864042324992
4667228948902794240
4667263583519077376
4667321307879548928
4667381781019090944
4667442254158632960
4667478538042357760
4667512073147012096
4667553304833063936
4667585190670276608
4667618176019118080
4667676999891217408
4667888106123799552
4667918892449384448
4667954076821481472
4667997507530788864
4668055781647074304
4668116804542430208
4668156936716853248
4668189372309879808
4668223457170349056
4668256992275004416
4668291626891287552
4668333408333152256
4668393331716880384
4668454354612236288
4668528571647127552
4668562656507596800
4668595641856438272
4668633025251790848
4668668209623887872
4668731981298314240
4668790255414599680
4668850178798327808
4668880415368097792
4668928244123917312
4668962878740200448
4668997513356483584
4669050289914629120
4669110763054171136
4669170136682084352
4669206970321624064
4669307575635589120
4669350456589081600
4669402133635599360
4669439517030952960
4669476350670491648
4669517582356542464
4669557714530965504
4669596747193760768
4669631931565857792
4669668765205397504
4669702850065866752
4669751228577499136
4669786962705411072
4669823796344949760
4669863378763558912
4669914506054262784
4669954088472871936
4669979377240315904
4670028855263578112
4670089328403119104
4670127811310100480
4670162445926383616
4670195981031038976
4670236113205462016
4670261127094999040
4670317477065935872
4670349912658963456
4670374101914779648
4670398566048503808
4670422755304320000
4670453266751997952
4670472233327581184
4670507692577585152
4670530782321774592
4670572288885732352
4670611871304341504
4670639359095042048
4670679491269466112
4670750134891567104
4670802361693898752
4670838370699716608
4670858436786927616
4670876853606696960
4670895545304374272
4670916161147399168
4671026936943924224
4671067069118347264
4671100054467187712
4671123693967191040
4671153380781147136
4671169598577660928
4671195437100919808
4671248488536972288
4671281199007905792
4671326278984655872
4671372183595125760
4671415339426526208
4671451348432344064
4671504399868396544
4671521717176538112
4671568996176543744
4671611052496315392
4671673724659113984
4671701487327721472
4671721828292840448
4671769382170752000
4671791922159126528
4671815561659129856
4671884006257974272
4671915892095187968
4671938157205655552
4671956299147517952
4672034364473108480
4672089065176602624
4672141017101027328
4672183348298706944
4672205613409174528
4672227328763828224
4672247119973132288
4672283953612670976
4672319687740581888
4672351023821981696
4672377961856868352
4672402425990591488
4672422217199896576
4672460700106877952
4672490661798740992
4672524471781303296
4672547836403398656
4672567627612703744
4672589068089450496
4672607484909219840
4672645143182479360
4672677029019693056
4672708090223184896
4672732004601094144
4672752070688306176
4672781757502263296
4672836458205757440
4672872467211575296
4672900504758090752
4672924694013906944
4672946959124374528
4672971148380191744
4673010455920893952
4673039318101129216
4673077801008110592
4673094018804624384
4673113260258114560
4673133876101140480
4673161363891841024
4673185003391843328
4673221837031383040
4673250699211618304
4673284784072087552
4673299077723251712
4673319968444184576
4673341958676745216
4673364498665119744
4673391161822099456
4673415625955823616
4673442014234896384
4673463179833735168
4673484070554668032
4673513207612811264
4673533273700022272
4673568183194212352
4673605566589565952
4673626732188405760
4673654219979106304
4673684181670970368
4673706996537251840
4673735034083766272
4673758123827955712
4673780663816330240
4673806777217496064
4673838388176801792
4673868624746572800
4673892264246575104
4673929647641928704
4673943391537278976
4673959884211698688
4673975552252398592
4673997542484959232
4674017333694263296
4674053342700082176
4674078631467526144
4674096223653574656
4674139379484975104
4674164393374513152
4674181160926840832
4674214421153588224
4674235036996614144
4674256752351267840
4674280941607084032
4674313377200111616
4674340040357091328
4674365604002443264
4674392267159422976
4674411783490820096
4674433773723380736
4674450816153615360
4674494796618736640
4674511839048971264
4674536852938509312
4674560217560604672
4674595127054794752
4674616017775727616
4674635808985031680
4674659448485033984
4674685287008292864
4674717997479227392
4674741087223415808
4674752906973417472
4674765551357139968
4674777096229233664
4674790565246676992
4674803484508306432
4674811593406563328
4674821901328075776
4674832346688542720
4674841967415287808
4674851588142032896
4674861621185638400
4674875502519943168
4674885535563548672
4674896668118781952
4674905876528667648
4674917558839714816
4674924018470530048
4674935563342623744
4674967311740882944
4674977894540303360
4674988202461815808
4674999472456003584
4675006206964724736
4675015415374609408
4675025723296122880
4675037543046123520
4675050874624614400
4675061732301940736
4675068604249616384
4675081386072291328
4675091556554851328
4675112309836829696
4675124541903691776
4675136773970553856
4675145157746717696
4675158214447300608
4675170034197302272
4675182678581023744
4675190375162420224
4675208379665329152
4675217588075213824
4675228445752541184
4675235730017077248
4675248924156613632
4675255383787427840
4675268165610103808
4675283833650802688
4675294004133362688
4675305411566502912
4675317643633364992
4675327676676970496
4675342657522903040
4675365060072324096
4675381277868837888
4675395708958955520
4675401481395002368
4675411651877562368
4675423609066516480
4675438452473495552
4675455220025822208
4675466627458963456
4675477347697336320
4675491503909548032
4675504423171177472
4675518029627574272
4675546342051995648
4675591834345605120
4675601867389211648
4675612037871770624
4675623170427004928
4675631141886307328
4675638563589796864
4675650795656658944
4675665776502590464
4675844722020052992
4675865612740985856
4676036174482284544
4676046757281703936
4676061738127635456
4676069159831124992
4676076169217754112
4676215807194513408
4676280815819521024
4676296346421267456
4676309540560803840
4676325071162549248
4676339364813713408
4676360255534646272
4676373449674182656
4676386506374765568
4676399288197441536
4676419079406746624
4676439695249771520
4676460448531750912
4676472955476519936
4676491784613149696
4676515424113152000
4676527243863153664
4676556518360250368
4676571086889321472
4676582082005602304
4676616166866070528
4676633896491072512
4676648052703284224
4676663583305029632
4676684336587009024
4676702478528871424
4676722819493990400
4676736700828294144
4676751956552132608
4676772297517251584
4676788790191672320
4676809680912604160
4676825348953304064
4676850912598656000
4676878400389356544
4676890769895172096
4676908636959127552
4676934750360293376
4676958802177156096
4676984503261461504
4676997697400997888
4677032332017281024
4677049924203329536
4677060094685888512
4677067104072517632
4677075350409728000
4677084009063798784
4677091705645195264
4677099951982404608
4677108060880661504
4677116307217871872
4677132112697525248
4677151491589968896
4677163586217877504
4677174718773110784
4677184751816717312
4677194922299276288
4677204268148114432
4677214438630673408
4677223784479512576
4677232443133583360
4677240964348699648
4677250035319631872
4677259106290563072
4677268452139401216
4677278210305099776
4677291679322543104
4677301300049288192
4677310783337079808
4677320404063825920
4677334972592897024
4677341432223711232
4677350778072549376
4677356962825457664
4677366308674295808
4677378128424297472
4677387474273135616
4677398331950461952
4677406990604532736
4677415649258603520
4677425269985348608
4677436814857443328
4677446435584188416
4677456606066747392
4677467463744074752
4677478046543494144
4677489316537681920
4677497975191752704
4677512406281870336
4677522301886522368
4677533022124896256
4677544292119083008
4677555836991177728
4677566144912690176
4677576452834203648
4677586760755716096
4677595007092926464
4677603665746997248
4677612736717928448
4677621670249906176
4677631016098744320
4677645034872001536
4677657266938863616
4677667987177237504
4677686266558053376
4677696024723751936
4677709218863288320
4677715678494102528
4677729422389453824
4677741242139454464
4677750725427246080
4677763232372015104
4677769417124923392
4677779587607482368
4677788658578413568
4677798004427251712
4677808862104579072
4677817933075510272
4677827416363301888
4677837174529000448
4677846795255745536
4677857378055165952
4677868648049352704
4677879780604587008
4677889401331332096
4677908093029008384
4677917163999939584
4677925135459243008
4677951386299362304
4677960594709246976
4677975850433086464
4677986570671459328
4678004437735414784
4678028352113324032
4678052403930187776
4678068621726701568
4678092948421471232
4678119886456357888
4678154795950547968
4678232723837185024
4678309552212193280
4678330030616265728
4678341712927313920
4678353395238361088
4678368925840107520
4678385143636621312
4678394626924412928
4678415380206391296
4678427337395346432
4678461009938955264
4678474204078491648
4678484099683143680
4678498530773261312
4678507464305239040
4678515848081402880
4678535639290707968
4678553368915709952
4678577558171526144
4678589652799434752
4678601060232576000
4678610955837228032
4678622500709322752
4678640642651185152
4678657685081419776
4678670054587234304
4678677888607584256
4678688059090143232
4678705788715146240
4678717058709332992
4678726267119217664
4678736575040731136
4678746195767476224
4678759115029105664
4678768323438990336
4678778081604688896
4678789763915737088
4678810104880855040
4678845839008765952
4678855047418650624
4678867142046559232
4678874563750048768
4678883359843073024
4678899027883771904
4678921018116332544
4678935449206451200
4678949742857615360
4678969671505873920
4678981628694828032
4678993311005876224
4679011178069831680
4679036604276230144
4679071651209373696
4679100650828562432
4679128001180310528
4679146005683219456
4679158512627987456
4679170194939035648
4679188062002991104
4679204829555318784
4679235066125089792
4679247229472475136
4679256987638173696
4679264203183233024
4679269838180326400
4679277397322768384
4679282688722479104
4679288255000095744
4679293408960851968
4679301792737015808
4679316155107656704
4679321102909982720
4679325775834402816
4679330380039345152
4679334640646903808
4679338763815507968
4679343642898358272
4679347628628008960
4679351614357660672
4679355737526265856
4679359723255917568
4679366595203593216
4679370924530628608
4679375047699233792
4679379651904176128
4679384462267548672
4679390165984118784
4679395113786444800
4679403635001562112
4679410300790807552
4679413255728307200
4679418066091679744
4679423907247204352
4679432359742844928
4679437513703601152
4679442392786450432
4679447409308253184
4679457236193428480
4679465345091685376
4679471048808256512
4679476408927442944
4679480394657094656
4679485960934711296
4679491389773374464
4679505752144015360
4679513861042272256
4679521626343145472
4679527330059715584
4679536538469600256
4679548633097508864
4679557016873672704
4679564919613499392
4679570898207976448
4679579281984140288
4679590345819897856
4679598317279200256
4679607456969609216
4679615084831527936
4679620170072807424
4679628004093157376
4679633845248681984
4679641679269030912
4679650544081531904
4679659821210893312
4679670266571360256
4679686278209442816
4679696036375142400
4679704763748689920
4679714040878051328
4679794099068467200
4679802757722537984
4679816639056841728
4679822961248703488
4679829352160040960
4679838766728355840
4679847219223996416
4679856358914404352
4679862681106266112
4679875050612080640
4679881372803942400
4679889000665862144
4679894704382432256
4679900889135339520
4679906730290864128
